gps_waypoints_lat: [ 33.47046, 33.47046 ]
gps_waypoints_lon: [ -88.78705, -88.78900  ]