gps_waypoints_lat: [ 33.47034, 33.47046 ]
gps_waypoints_lon: [ -88.78596, -88.78536  ]