waypoints_x: [ 232.747, 224.87, 220.573, 216.276, 211.263, 200.521, 189.779, 179.753, 172.591, 163.281, 152.539, 143.229, 133.203, 123.893, 116.016, 108.138, 103.125, 98.8281, 93.8151, 81.6406, 75.1953, 66.6016, 61.5885, 50.8463, 34.375, 22.2005, 13.6068, 5.013, -9.30991, -19.3359, -29.362, -42.2526, -49.4141, -58.0078, -68.75, -81.6406, -96.6797, -106.706, -118.88, -126.758, -137.5, -145.378, -150.391 ]
waypoints_y: [ 254.948, 242.773, 230.599, 221.289, 211.263, 201.237, 189.779, 178.32, 167.578, 158.984, 146.81, 136.068, 126.042, 115.299, 105.99, 98.112, 90.9505, 83.0729, 74.4792, 68.0338, 60.8724, 55.8594, 50.1302, 40.8203, 27.9297, 17.9036, 6.44531, -1.43231, -15.0391, -30.7943, -45.8333, -60.8724, -74.4792, -88.8021, -98.8281, -112.435, -121.745, -133.203, -146.81, -155.404, -166.862, -174.023, -187.63 ]